985.000000 2
984.000000 3
983.000000 3
982.000000 3
981.000000 3
980.000000 3
979.000000 2
978.000000 3
977.000000 3
986.000000 2
980.000000 2
976.000000 0
987.000000 2
986.000000 3
985.000000 3
984.000000 3
983.000000 3
982.000000 3
981.000000 3
975.000000 0
988.000000 2
984.000000 0
974.000000 0
989.000000 2
983.000000 0
982.000000 3
981.000000 3
971.000000 1
972.000000 1
973.000000 0
990.000000 2
982.000000 0
972.000000 0
991.000000 2
981.000000 0
999.000000 1
1000.000000 1
0.000000 0
971.000000 0
992.000000 2
998.000000 0
970.000000 0
993.000000 1
994.000000 1
995.000000 1
996.000000 1
997.000000 0
996.000000 3
995.000000 3
969.000000 0